0.019423696
0.025161534
0.042052879
0.027564299
0.03857022
0.050603841
0.024677382
0.064257303
0.032808985
0.00979284
0.052893216
0.023797268
0.044635626
0.019742265
0.043190367
0.052113893
0.014630766
0.042034881
0.027902666
0.066978636
0.041336549
0.032386026
0.037895286
0.014006227
0.052571048
0.022373607
0.037389536
0.038654812
0.033096956
0.019090729
0.030420619
0.041136769
0.00979284
0.038226454
0.00979284
0.021671676
0.041136769
0.045755116
0.041907093
0.02949011
0.022593186
0.04315977
0.037223952
0.023417505
0.008588758
0.046784615
0.056046507
0.023016144
0.030260434
0.034680801
0.038681809
0.023797268
0.046996994
0.037772898
0.021912853
0.046106082
0.032981768
0.044479041
0.025906661
0.042177067
0.04755134
0.029841076
0
0.050794622
0.016727561
0.032866579
0.043960692
0.052290276
0.038955382
0.040721009
0.03458721
0.024841166
0.044928997
0.016727561
0.03153471
0.041646119
0.026966757
0.036986375
0.022807365
0.046296863
0.027211533
0.055268984
0.031394323
0.055826929
0.037223952
0.033590108
0.037454329
0.022593186
0.046503843
0.022593186
0.060292291
0.007163298
0.041550728
0.045161174
0.019742265
0.008588758
0.040393441
0.007163298
0.045222368
0.018379799
0.042052879
0.048282068
0.032808985
0.020903151
0.038820396
0.044954194
0.016727561
0.031180144
0.037020572
0.045810911
0.024841166
0.015210309
0.021912853
0.036741599
0.064854844
0.026714782
0.044531236
0.00979284
0.03837224
0.017998236
0.026320621
0.017998236
0.012580767
0.040784003
0.053154191
0.039218157
0.014006227
0.044333255
0.010836738
0.013325894
0.038928385
0.038314645
0.030960566
0.047407354
0.027791076
0.048906607
0.040805601
0.030499811
0.05755116
0.031394323
0.020345206
0.040827199
0.040742607
0.016254207
0.027330322
0.031252137
0.024162632
0.040121668
0.050670434
0.027677688
0.064982632
0.048184878
0.031603103
0.020629578
0.029668293
0.037020572
0.042106874
0.022593186
0.05734238
0.044169471
0.020345206
0.02500315
0.050740627
0.057405374
0.037740501
0.023219524
0.057392776
0.014630766
0.016727561
0.052682637
0.034349634
0.025161534
0.029122946
0.042592826
0.039957884
0.03652562
0.029841076
0.050080092
0.04601969
0.032260039
0.039981282
0.031806483
0.024841166
0.038820396
0.044016486
0.017598675
0.043804107
0.050782023
0.042265258
0.010836738
0.014630766
0.033537913
0.049264772
0.028010655
0.026047047
0.027791076
0.044700419
0.04449344
0.036741599
0.030499811
0.012580767
0.026842569
0.030341427
0.036036068
0.046685625
0.044045284
0.026047047
0.050645237
0.00979284
0.051881716
0.031252137
0.044928997
0.028932165
0.017175717
0.045620129
0.044990191
0.032808985
0.04500279
0.0214251
0.068576879
0.044662623
0.02561689
0.012580767
0.0428556
0.032004464
0.023219524
0.042774608
0.017998236
0.054673242
0.045643527
0.031464516
0.036378035
0.029216537
0.02561689
0.032629002
0.036671406
0.050341067
0.017998236
0.035996472
0.045810911
0.026320621
0.022593186
0.039192959
0.029754684
0.052230881
0.038654812
0.046804413
0.033208546
0.046073685
0.033429924
0.040951387
0.012580767
0.030012059
0.040890193
0.020903151
0.045800112
0.023797268
0.057668149
0.024162632
0.041136769
0.027791076
0.042195065
0.021671676
0.042387646
0.047796116
0.045481543
0.025467504
0.02744911
0.028331024
0.028636994
0.048379259
0.050494052
0.030260434
0.0357193
0.043112975
0.05009989
0.010836738
0.045823509
0.010836738
0.05989813
0.032924173
0.005419269
0.037088965
0.029927467
0.037357139
0.043732114
0.039597919
0.017175717
0.045722719
0.037454329
0.036190853
0.018743363
0.025467504
0.032508414
0.056699843
0.033590108
0.042034881
0.041376145
0.03132413
0.021167726
0.036986375
0.046041288
0.028834974
0.015210309
0.025762675
0.012580767
0.05092241
0.016727561
0.055420169
0.02744911
0.042952791
0.036917982
0.023016144
0.03652562
0.027791076
0.00979284
0.045051385
0.044059682
0.053141592
0.035636508
0.040393441
0.017175717
0.028224834
0.018743363
0.046095283
0.045186372
0.030656396
0.039887691
0.054669642
0.044803009
0.020345206
0.046244668
0.025161534
0.030656396
0.042558629
0.023797268
0.060432678
0.017175717
0.038764601
0.026047047
0.023797268
0.065799752
0.026586994
0.043298357
0.058870431
0.028834974
0.040281852
0.019423696
0.045515739
0.042675618
0.030733788
0.018379799
0.033320135
0.047805115
0.038255251
0.028118644
0.043658321
0.023417505
0.041907093
0.008588758
0.044752614
0.052416263
0.020903151
0.040699411
0.044306258
0.012580767
0.029841076
0.008588758
0.036113461
0.032569608
0.023797268
0.045328558
0.030656396
0.049061392
0.032924173
0.065213009
0.029216537
0.020629578
0.038710606
0.048379259
0.040634618
0.045027987
0.025906661
0.031806483
0.037709904
0.02214683
0.034301038
0.044990191
0.050591242
0.027902666
0.06653228
0.023417505
0.042177067
0.046674826
0.012580767
0.027090945
0.046073685
0.013325894
0.037614514
0.035798492
0.045161174
0.050542647
0.025467504
0.008588758
0.044713018
0.025316319
0.042968989
0.024841166
0.024677382
0.025906661
0.044318857
0.036705603
0.025316319
0.026047047
0.063308796
0.03816706
0.019742265
0.03837224
0.023016144
0.025161534
0.031394323
0.043390148
0.043643923
0.066480085
0.007163298
0.046674826
0.046694624
0.037740501
0.029027555
0.039270352
0.019742265
0.026047047
0.037834092
0.017175717
0.067378197
0.027211533
0.047185976
0.023610086
0.005419269
0.039981282
0.050458055
0.043237163
0.029027555
0.041626321
0.040051475
0.027677688
0.020629578
0.019742265
0.012580767
0.02500315
0.038485628
0.040415039
0.041217761
0.023016144
0.014006227
0.03816706
0.02500315
0.019090729
0.036599413
0.041196163
0.005419269
0.037054769
0.053236983
0.023797268
0.040371844
0.049149583
0.026185634
0.029580101
0.027564299
0.040326848
0.048883209
0.032629002
0.028636994
0.032866579
0.017998236
0.026842569
0.036378035
0.03969511
0.047967099
0.041257357
0.040569824
0.031252137
0.038654812
0.032981768
0.047745721
0.0214251
0.022593186
0.039218157
0.036705603
0.03193787
0.016254207
0.02500315
0.026047047
0.04000468
0.041257357
0.052358669
0.038764601
0.019742265
0.023610086
0.037258149
0.028010655
0.051008801
0.058316085
0.028224834
0.017598675
0.058379079
0.044964993
0.019742265
0.040460035
0.023610086
0.047205774
0.02744911
0.074037544
0.061692554
0.059903529
0.057947121
0.057257789
0.056356077
0.055151995
0.050753226
0.05040766
0.048854412
0.048845413
0.04632926
0.043732114
0.040569824
0.039423337
0.035879484
0.034445024
0.033748493
0.031873076
0.064665863
0.05837008
0.057295585
0.055724339
0.054549054
0.052007703
0.04867803
0.04530516
0.042405644
0.054021706
0.052419863
0.050132287
0.048663631
0.047693526
0.045944097
0.040348446
0.038284048
0.038017674
0.03458721
0.031180144
0.027677688
0.060978024
0.053659941
0.049730926
0.048192077
0.046595634
0.044977592
0.040931589
0.038284048
0.034203848
0.027677688
0.054633646
0.016254207
0.060150105
0.042490236
0.065774554
0.060083512
0.058397077
0.057938122
0.056356077
0.055891723
0.054835226
0.053647343
0.050807221
0.050278073
0.044597829
0.04438725
0.043420745
0.042353449
0.041683915
0.040438437
0.039767103
0.039165962
0.026320621
0.058497867
0.048546642
0.043127374
0.042540631
0.041588524
0.036036068
0.034725797
0.029668293
0.027090945
0.059117007
0.056977016
0.053330574
0.048498047
0.046694624
0.035839888
0.069611778
0.0612264
0.054880222
0.04928637
0.035555516
0.058602257
0.050693832
0.05040766
0.048831015
0.04653444
0.044142474
0.04367272
0.04224906
0.040972985
0.034349634
0.034155253
0.033748493
0.033096956
0.026842569
0.018743363
0.010836738
0.074737676
0.067531182
0.052250679
0.052193085
0.051230179
0.051082594
0.044790411
0.035596912
0.035173953
0.034952575
0.032749591
0.025316319
0.056447868
0.033903277
0.058596858
0.048298267
0.048168679
0.038793398
0.036881986
0.019090729
0.019090729
0.016254207
0.050501251
0.041815302
0.035042566
0.06969097
0.060726049
0.059466172
0.057086805
0.055083602
0.035130757
0.028118644
0.064710858
0.050670434
0.043541333
0.031464516
0.015750256
0.072885657
0.066553878
0.065419989
0.057367578
0.054905419
0.053753532
0.053253181
0.048845413
0.047693526
0.038710606
0.060042116
0.059449974
0.031034359
0.020345206
0.018743363
0.05541117
0.050087291
0.044687821
0.041815302
0.039423337
0.027902666
0.015210309
0.071571786
0.062194705
0.053868721
0.035260344
0.033696298
0.032386026
0.058758842
0.048624035
0.047434351
0.034301038
0.050027897
0.038847393
0.034155253
0.024841166
0.0214251
0.015750256
0.069350804
0.051230179
0.046714422
0.044635626
0.038429834
0.057977718
0.048973201
0.048483649
0.043861702
0.041156567
0.021912853
0.017175717
0.007163298
0.06010691
0.042034881
0.036190853
0.032323032
0.059700149
0.053512356
0.051042998
0.043112975
0.033644103
0.031806483
0.026714782
0.067313403
0.062637462
0.056413671
0.045470744
0.031252137
0.022593186
0.056194093
0.052824823
0.026455607
0.052747431
0.045125178
0.040051475
0.062192905
0.056861828
0.068409496
0.054676842
0.049770522
0.043127374
0.037864689
0.037389536
0.017175717
0.046359857
0.035344936
0.035217149
0.032069257
0.031671496
0.063558971
0.051604543
0.041626321
0.040028077
0.033903277
0.021671676
0.069928547
0.05643347
0.040028077
0.038458631
0.043890499
0.051915912
0.047891507
0.039669912
0.035555516
0.019742265
0.019423696
0.035596912
0.060324688
0.0397923
0.03458721
0.031252137
0.029308328
0.026714782
0.057887727
0.051082594
0.048427854
0.036952179
0.035260344
0.03132413
0.029122946
0.049214377
0.037709904
0.06265186
0.03837224
0.018743363
0.037020572
0.058506866
0.050645237
0.038764601
0.038654812
0.032808985
0.032508414
0.032197045
0.03193787
0.035260344
0.067952341
0.066969637
0.035260344
0.033644103
0.027090945
0.026455607
0.02214683
0.018743363
0.062813844
0.058793038
0.055110599
0.045733518
0.043703317
0.041376145
0.034054463
0.033851083
0.027564299
0.015750256
0.040393441
0.060803441
0.050639837
0.043600727
0.035555516
0.032866579
0.030341427
0.025467504
0.016727561
0.012580767
0.053897518
0.052869819
0.033851083
0.032690196
0.067736362
0.056548658
0.054306078
0.059626357
0.054644445
0.052362268
0.05194291
0.047941902
0.039887691
0.035130757
0.034634006
0.012580767
0.031671496
0.054905419
0.041646119
0.022593186
0.050112489
0.030177643
0.038048271
0.03663541
0.033953673
0.032069257
0.028010655
0.026047047
0.017598675
0.016727561
0.039597919
0.038928385
0.035085762
0.025906661
0.055501161
0.042691816
0.036952179
0.033851083
0.056352477
0.056084304
0.054293479
0.06112381
0.051705333
0.043688918
0.032134051
0.02744911
0.084764493
0.073486798
0.067370998
0.058899228
0.012580767
0.055171793
0.044765213
0.035470924
0.015750256
0.05643347
0.022593186
0.068524685
0.061598963
0.052515254
0.050112489
0.044675222
0.043080578
0.035130757
0.030094851
0.026714782
0.02500315
0.060367884
0.030177643
0.026320621
0.046996994
0.043435143
0.024677382
0.035879484
0.033374129
0.028118644
0.043298357
0.04009827
0.0500027
0.032808985
0.035217149
0.024509998
0.019090729
0.007163298
0.039140764
0.063400587
0.059764943
0.058587858
0.057524163
0.039767103
0.035042566
0.033748493
0.039270352
0.030012059
0.044426846
0.042904195
0.028010655
0.019090729
0.016727561
0.014630766
0.030094851
0.021912853
0.056669246
0.054608448
0.033152751
0.057736542
0.037486726
0.036378035
0.035217149
0.03551412
0.046554238
0.038107665
0.03458721
0.02744911
0.071080434
0.025161534
0.077311423
0.056672846
0.047832112
0.042675618
0.04061302
0.039547524
0.030012059
0.063319595
0.059881932
0.050753226
0.04764853
0.044977592
0.040931589
0.035217149
0.02500315
0.037486726
0.026185634
0.078085348
0.073051241
0.067327802
0.050854016
0.049156783
0.042301254
0.033590108
0.032569608
0.020345206
0.02949011
0.062641061
0.058238693
0.051206782
0.031603103
0.029216537
0.027791076
0.016727561
0.016254207
0.013325894
0.045269164
0.029122946
0.027330322
0.018379799
0.078144742
0.0653084
0.050494052
0.047416353
0.040481633
0.039088569
0.033320135
0.032134051
0.020629578
0.020050035
0.016254207
0.073708177
0.064295099
0.06346538
0.054234085
0.028010655
0.02744911
0.033696298
0.021671676
0.015750256
0.069428196
0.061269596
0.059959324
0.057239791
0.051593744
0.051498353
0.050693832
0.036705603
0.024337215
0.049876712
0.033800688
0.032323032
0.022593186
0.017998236
0.073114235
0.064028725
0.05938518
0.056244488
0.043253361
0.0397923
0.036813592
0.026455607
0.052914814
0.034907579
0.026966757
0.053598747
0.046685625
0.046523641
0.038458631
0.025316319
0.069510988
0.057326182
0.026842569
0.053193787
0.048093087
0.047630532
0.040168463
0.033208546
0.02398265
0.018743363
0.017998236
0.063373589
0.05295981
0.035429528
0.02744911
0.019742265
0.003169489
0.021912853
0.016727561
0.063013625
0.054867623
0.048807617
0.040931589
0.031034359
0.028735984
0.025161534
0.066667267
0.048996598
0.028735984
0.050747827
0.03622865
0.034104858
0.033748493
0.029027555
0.064356293
0.054169291
0.041608322
0.034252443
0.032069257
0.029400119
0.061217401
0.036917982
0.05336837
0.048732024
0.030420619
0.02744911
0.022593186
0.07010133
0.061498173
0.032260039
0.024162632
0.063681359
0.042691816
0.032690196
0.06112201
0.054118896
0.051246378
0.039140764
0.032508414
0.059057612
0.048685229
0.047814114
0.043629524
0.041871097
0.05980094
0.073645183
0.064363492
0.046978996
0.076604093
0.072835262
0.066766257
0.032004464
0.031252137
0.027791076
0.003169489
0.033429924
0.029580101
0.028735984
0.074714278
0.049414157
0.047130181
0.034680801
0.042474038
0.039372941
0.039007577
0.028735984
0.024677382
0.02398265
0.022373607
0.051699933
0.049120786
0.033320135
0.039621317
0.038429834
0.030420619
0.030177643
0.028834974
0.068360901
0.062011123
0.051890715
0.032629002
0.028735984
0.024841166
0.065317399
0.057565559
0.046266266
0.030884973
0.014630766
0.070983244
0.029027555
0.022373607
0.068504887
0.068195317
0.068009935
0.05622469
0.014006227
0.058854232
0.055637947
0.053172189
0.03857022
0.034817588
0.03153471
0.030579003
0.066568276
0.082428322
0.058622055
0.051716132
0.034634006
0.032004464
0.023016144
0.022807365
0.020903151
0.075844567
0.061150807
0.020903151
0.0775472
0.068107126
0.053010205
0.037020572
0.026842569
0.047223772
0.053083998
0.049163982
0.036378035
0.029668293
0.02561689
0.019742265
0.018379799
0.036777596
0.030809381
0.070067133
0.047587336
0.032386026
0.030177643
0.025906661
0.014006227
0.032508414
0.064120516
0.034725797
0.024162632
0.034817588
0.039398139
0.036340239
0.068895448
0.059208798
0.044264862
0.032386026
0.022807365
0.014630766
0.068654272
0.02949011
0.070047335
0.052491856
0.060684653
0.064415687
0.03326434
0.087872788
0.027330322
0.02500315
0.063800148
0.054887421
0.027564299
0.051411962
0.033152751
0.03132413
0.068827055
0.045051385
0.059171001
0.028636994
0.026320621
0.066697864
0.046244668
0.032197045
0.010836738
0.072495095
0.069302208
0.024677382
0.071204622
0.032508414
0.030420619
0.026047047
0.054563453
0.046493044
0.044752614
0.034680801
0.059921528
0.03530354
0.018379799
0.070414499
0.058490668
0.053861522
0.053377369
0.018379799
0.030579003
0.071717572
0.003169489
0.076240528
0.043789709
0.02500315
0.034680801
0.028932165
0.028834974
0.050893612
0.03652562
0.030420619
0.023797268
0.039113767
0.035344936
0.030341427
0.027902666
0.020050035
0.091110671
0.044291859
0.061710552
0.052463059
0.042985187
0.068823455
0.06509782
0.049477151
0.035260344
0.03132413
0.030341427
0.022807365
0.035130757
0.084564713
0.055871925
0.048786019
0.028636994
0.02500315
0.022373607
0.015750256
0.084291139
0.047353359
0.083812386
0.076776876
0.063839744
0.062727453
0.067221612
0.057255989
0.041795504
0.039839096
0.035596912
0.021167726
0.071156027
0.056370476
0.050351866
0.049192779
0.047034791
0.045900902
0.043615126
0.032866579
0.031464516
0.030733788
0.024677382
0.011756448
0.080115549
0.069777362
0.065247206
0.084519717
0.071848959
0.056212091
0.019423696
0.090345746
0.024677382
0.034004068
0.017175717
0.08356941
0.058856032
0.052265078
0.034252443
0.030094851
0.024337215
0.035839888
0.035388132
0.042106874
0.04928637
0.034054463
0.023219524
0.034907579
0.018743363
0.045209769
0.03499757
0.080524109
0.06040568
0.020629578
0.047675528
0.029027555
0.026714782
0.078274329
0.060438077
0.059867533
0.059608358
0.042106874
0.033320135
0.023219524
0.062137111
0.044045284
0.020629578
0.070990443
0.057844531
0.032004464
0.015750256
0.048282068
0.005419269
0.088256151
0.065578373
0.061922932
0.065898742
0.031464516
0.029027555
0.077532802
0.029580101
0.07785677
0.048051691
0.030499811
0.028010655
0.00979284
0.00979284
0.081872177
0.069192419
0.044479041
0.042456039
0.032260039
0.030094851
0.030260434
0.085198251
0.072477097
0.070972445
0.051901514
0.039522327
0.077863969
0.008588758
0.075292021
0.070929249
0.046862008
0.03887439
0.069068231
0.063830745
0.062101114
0.051514552
0.023797268
0.028331024
0.020345206
0.058422275
0.055600151
0.054864023
0.025161534
0.07866849
0.073116035
0.060499271
0.036881986
0.07336981
0.02949011
0.028224834
0.025762675
0.015210309
0.005419269
0.07479707
0.049504149
0.026586994
0.020903151
0.019090729
0.08101726
0.073648782
0.072943252
0.05663145
0.083582009
0.045040586
0.081499613
0.053478159
0.030499811
0.028735984
0.018379799
0.038485628
0.017175717
0.06509962
0.02398265
0.079939166
0.073422005
0.061807743
0.056964417
0.035173953
0.018379799
0.046212271
0.060891633
0.040371844
0.035596912
0.07112183
0.068274509
0.034680801
0.02949011
0.0938752
0.081352028
0.076555498
0.071312611
0.044803009
0.065524379
0.05540757
0.053101996
0.033039362
0.022373607
0.073659581
0.021671676
0.026714782
0.076517701
0.077989957
0.075664585
0.026455607
0.024509998
0.022593186
0.032004464
0.072370908
0.067597775
0.065196811
0.076141538
0.048346862
0.027330322
0.076859668
0.03193787
0.02214683
0.029668293
0.028735984
0.051672936
0.049635536
0.048010295
0.034104858
0.032069257
0.093524235
0.075938158
0.040438437
0.074132935
0.027677688
0.021912853
0.095543637
0.015750256
0.076514102
0.034772592
0.02561689
0.039473732
0.0214251
0.080160544
0.075194831
0.068951243
0.033483919
0.023610086
0.069815158
0.044003888
0.097185076
0.091965587
0.073655982
0.069458793
0.056147298
0.035596912
0.026842569
0.020345206
0.003169489
0.067281006
0.053402567
0.051498353
0.049235975
0.08724465
0.040742607
0.040145066
0.030012059
0.024841166
0.083625205
0.090144166
0.08786019
0.084753694
0.038255251
0.030733788
0.016727561
0.050458055
0.0500027
0.031806483
0.059268192
0.034203848
0.073303216
0.084879682
0.035798492
0.032197045
0.037583917
0.053181188
0.026185634
0.068710066
0.038681809
0.012580767
0.067995536
0.033590108
0.026185634
0.063933335
0.029216537
0.080054355
0.026320621
0.024337215
0.020050035
0.026714782
0.015750256
0.068578679
0.062979428
0.08133043
0.079098648
0.076944259
0.032004464
0.092944691
0.029122946
0.020345206
0.086809093
0.073054841
0.071517791
0.055745937
0.071303612
0.037054769
0.084859884
0.072234121
0.038314645
0.029027555
0.013325894
0.029400119
0.035839888
0.1
0.051071795
0.091488634
0.083285038
0.076625691
0.069667573
0.082424722
0.080999262
0.041453538
0.044954194
0.064674862
0.070419899
0.026714782